
[0m[38;2;0;0;0m             [38;2;116;116;116m [38;2;202;202;202m [38;2;65;65;65m'[38;2;203;203;203mK[38;2;253;253;253mM[38;2;251;252;252mM[38;2;253;253;253mM[38;2;252;252;252mM[38;2;252;252;252mM[38;2;251;251;251mM[38;2;248;249;248mM[38;2;187;187;186mO[38;2;44;44;44m.[38;2;165;165;165m [38;2;80;80;80m [38;2;0;0;0m            [0m
[0m[38;2;0;0;0m           [38;2;51;51;51m [38;2;166;166;166m [38;2;96;96;96m;[38;2;240;241;241mW[38;2;244;244;244mW[38;2;251;251;251mM[38;2;253;253;253mM[38;2;252;253;253mM[38;2;253;253;253mM[38;2;251;251;252mM[38;2;250;250;251mM[38;2;249;249;250mW[38;2;248;249;249mW[38;2;248;249;248mW[38;2;248;248;248mW[38;2;222;222;222mX[38;2;35;35;35m.[38;2;153;153;153m [38;2;0;0;0m           [0m
[0m[38;2;0;0;0m          [38;2;83;83;83m [38;2;21;21;21m [38;2;188;188;187mO[38;2;196;196;196m0[38;2;187;187;186mO[38;2;183;183;182mO[38;2;189;189;188mO[38;2;201;201;200m0[38;2;226;226;226mX[38;2;249;249;250mM[38;2;248;248;249mW[38;2;247;248;248mW[38;2;246;247;247mW[38;2;245;245;246mW[38;2;245;245;245mW[38;2;244;245;245mW[38;2;245;245;244mW[38;2;246;246;246mW[38;2;155;155;155md[38;2;165;165;165m [38;2;45;45;45m [38;2;0;0;0m         [0m
[0m[38;2;0;0;0m         [38;2;52;52;52m [38;2;208;208;208m [38;2;123;123;122ml[38;2;202;203;202m0[38;2;197;198;197m0[38;2;193;193;193m0[38;2;190;191;190mO[38;2;187;187;186mO[38;2;182;182;181mO[38;2;179;179;178mk[38;2;220;220;220mX[38;2;245;246;246mW[38;2;243;243;244mW[38;2;242;243;243mW[38;2;242;242;243mW[38;2;242;242;243mW[38;2;242;242;242mW[38;2;240;241;241mW[38;2;239;239;239mW[38;2;239;240;239mW[38;2;70;70;70m'[38;2;175;175;175m [38;2;0;0;0m         [0m
[0m[38;2;0;0;0m         [38;2;153;153;153m [38;2;43;43;43m.[38;2;206;207;207mK[38;2;209;210;209mK[38;2;207;207;207mK[38;2;204;204;204mK[38;2;202;202;202m0[38;2;200;200;200m0[38;2;197;198;197m0[38;2;194;194;193m0[38;2;142;142;141md[38;2;105;105;105m:[38;2;240;240;240mW[38;2;239;239;239mW[38;2;238;238;239mW[38;2;238;238;238mW[38;2;237;237;238mN[38;2;236;236;237mN[38;2;235;235;235mN[38;2;236;236;236mN[38;2;235;235;235mN[38;2;36;36;36m.[38;2;110;110;110m [38;2;0;0;0m        [0m
[0m[38;2;0;0;0m        [38;2;117;117;117m [38;2;50;50;50m.[38;2;227;228;228mN[38;2;222;222;222mX[38;2;218;218;219mX[38;2;216;216;217mX[38;2;214;214;215mK[38;2;213;213;213mK[38;2;211;211;211mK[38;2;209;209;209mK[38;2;200;201;200m0[38;2;23;23;23m [38;2;243;243;243m [38;2;125;125;125ml[38;2;234;235;234mN[38;2;233;233;234mN[38;2;232;232;233mN[38;2;232;232;233mN[38;2;231;231;231mN[38;2;230;230;230mN[38;2;229;229;229mN[38;2;231;231;231mN[38;2;169;169;169mx[38;2;215;215;215m [38;2;66;66;66m [38;2;0;0;0m       [0m
[0m[38;2;0;0;0m       [38;2;78;78;78m [38;2;222;222;222m [38;2;170;170;170mx[38;2;232;232;232mN[38;2;228;228;228mN[38;2;226;226;227mN[38;2;225;225;225mX[38;2;223;223;223mX[38;2;222;222;222mX[38;2;220;220;221mX[38;2;219;219;219mX[38;2;121;121;121ml[38;2;208;208;208m [38;2;234;234;234m [38;2;18;18;18m [38;2;207;207;207mK[38;2;228;228;228mN[38;2;227;227;228mN[38;2;226;226;227mN[38;2;225;225;225mX[38;2;224;224;225mX[38;2;223;223;223mX[38;2;222;222;222mX[38;2;226;226;226mN[38;2;120;120;120mc[38;2;175;175;175m [38;2;0;0;0m       [0m
[0m[38;2;0;0;0m       [38;2;199;199;199m [38;2;105;105;105m:[38;2;241;241;240mW[38;2;235;235;235mN[38;2;233;233;234mN[38;2;232;232;233mN[38;2;230;231;231mN[38;2;229;229;230mN[38;2;228;228;229mN[38;2;227;227;228mN[38;2;205;205;205m0[38;2;19;19;19m [38;2;128;128;128m [38;2;53;53;53m [38;2;230;230;230m [38;2;32;32;32m.[38;2;211;211;211mK[38;2;222;222;222mX[38;2;221;221;221mX[38;2;219;219;220mX[38;2;218;219;219mX[38;2;218;218;218mX[38;2;216;216;216mX[38;2;216;216;216mX[38;2;222;222;222mX[38;2;60;60;60m.[38;2;78;78;78m [38;2;0;0;0m      [0m
[0m[38;2;0;0;0m      [38;2;60;60;60m [38;2;90;90;90m;[38;2;247;248;248mW[38;2;243;243;243mW[38;2;240;240;241mW[38;2;239;239;240mW[38;2;238;238;238mW[38;2;229;229;230mX[38;2;165;165;166mx[38;2;101;101;101m:[38;2;47;47;47m.[38;2;235;235;235m [38;2;229;229;229m [38;2;74;74;74m [38;2;45;45;45m [38;2;154;154;154m [38;2;221;221;221m [38;2;66;66;66m'[38;2;216;217;216mX[38;2;214;215;214mK[38;2;212;213;213mK[38;2;211;211;212mK[38;2;210;210;210mK[38;2;209;209;209mK[38;2;208;208;208mK[38;2;208;209;208mK[38;2;195;195;195m0[38;2;13;13;13m [38;2;40;40;40m [38;2;0;0;0m     [0m
[0m[38;2;0;0;0m      [38;2;3;3;3m [38;2;213;213;213mX[38;2;248;248;249mW[38;2;200;200;201m0[38;2;55;55;55m.[38;2;1;1;1m [38;2;239;239;239m [38;2;7;7;7m [38;2;72;72;72m'[38;2;154;154;154md[38;2;202;202;202mK[38;2;230;230;230mN[38;2;229;229;228mN[38;2;228;228;228mN[38;2;231;232;232mN[38;2;228;228;227mN[38;2;225;225;225mX[38;2;218;218;217mX[38;2;214;214;213mX[38;2;212;212;212mK[38;2;208;208;207mK[38;2;205;205;205mK[38;2;203;203;203mK[38;2;202;202;202m0[38;2;200;201;200m0[38;2;199;199;199m0[38;2;200;200;199m0[38;2;98;98;98m;[38;2;199;199;199m [38;2;24;24;24m [38;2;0;0;0m    [0m
[0m[38;2;0;0;0m     [38;2;177;177;177m [38;2;86;86;86m,[38;2;72;72;72m'[38;2;246;246;246m [38;2;16;16;16m [38;2;131;131;131ml[38;2;222;222;222mX[38;2;231;231;231mN[38;2;231;231;231mN[38;2;230;230;229mN[38;2;229;229;229mN[38;2;229;229;229mN[38;2;228;229;229mN[38;2;228;228;229mN[38;2;228;228;229mNN[38;2;228;228;228mN[38;2;228;228;228mN[38;2;228;228;228mN[38;2;229;229;228mN[38;2;227;228;227mN[38;2;225;225;224mX[38;2;221;221;221mX[38;2;216;216;215mX[38;2;208;208;208mK[38;2;198;199;198m0[38;2;192;193;192m0[38;2;191;192;191m0[38;2;174;174;173mk[38;2;15;15;15m [38;2;119;119;119m [38;2;0;0;0m    [0m
[0m[38;2;0;0;0m    [38;2;19;19;19m [38;2;234;234;234m [38;2;13;13;13m [38;2;203;203;203m0[38;2;235;235;234mN[38;2;234;234;233mN[38;2;233;233;232mN[38;2;233;233;232mN[38;2;232;232;232mN[38;2;231;231;231mN[38;2;230;230;231mN[38;2;230;229;230mN[38;2;229;229;230mN[38;2;229;229;230mN[38;2;229;229;229mN[38;2;228;228;229mNNN[38;2;228;228;229mN[38;2;229;229;229mN[38;2;229;229;230mN[38;2;229;229;230mN[38;2;230;230;231mN[38;2;231;231;231mN[38;2;232;232;232mN[38;2;233;233;233mN[38;2;229;229;228mN[38;2;220;221;220mX[38;2;208;208;208mK[38;2;188;188;187mO[38;2;175;175;174mO[38;2;28;28;28m.[38;2;70;70;70m [38;2;0;0;0m   [0m
[0m[38;2;0;0;0m   [38;2;46;46;46m [38;2;144;144;144m [38;2;78;78;78m,[38;2;230;230;230mN[38;2;236;236;236mN[38;2;235;236;235mN[38;2;234;235;235mN[38;2;234;234;234mN[38;2;233;233;234mN[38;2;232;232;233mN[38;2;232;232;232mN[38;2;231;231;231mN[38;2;230;230;231mN[38;2;230;230;230mN[38;2;229;229;230mN[38;2;229;229;230mN[38;2;228;229;229mN[38;2;228;229;229mN[38;2;228;228;229mNN[38;2;229;229;230mN[38;2;229;229;230mN[38;2;230;230;231mN[38;2;231;231;232mN[38;2;232;232;233mN[38;2;233;233;234mN[38;2;234;234;235mN[38;2;235;235;235mN[38;2;236;236;236mN[38;2;237;238;237mN[38;2;229;229;229mN[38;2;201;201;200m0[38;2;113;113;113mc[38;2;171;171;171m [38;2;43;43;43m [38;2;0;0;0m  [0m
[0m[38;2;0;0;0m  [38;2;48;48;48m [38;2;216;216;216m [38;2;111;111;111mc[38;2;240;240;240mW[38;2;239;239;239mW[38;2;237;238;238mN[38;2;237;237;238mN[38;2;236;236;237mN[38;2;235;235;236mN[38;2;234;234;235mN[38;2;233;233;234mN[38;2;232;232;233mN[38;2;231;231;232mN[38;2;230;230;231mN[38;2;208;208;209mK[38;2;153;153;153md[38;2;101;101;101m:[38;2;61;61;61m.[38;2;55;55;55m.[38;2;77;77;77m'[38;2;114;114;114mc[38;2;174;174;174mk[38;2;223;223;223mX[38;2;230;231;231mN[38;2;232;232;232mN[38;2;233;233;233mN[38;2;234;234;234mN[38;2;235;235;236mN[38;2;236;236;237mN[38;2;237;238;238mN[38;2;238;238;239mW[38;2;240;240;240mW[38;2;241;241;241mW[38;2;214;214;213mX[38;2;43;43;43m.[38;2;146;146;146m [38;2;0;0;0m  [0m
[0m[38;2;0;0;0m  [38;2;176;176;176m [38;2;126;126;126ml[38;2;242;242;242mW[38;2;242;242;243mW[38;2;241;241;241mW[38;2;239;239;240mW[38;2;238;238;239mW[38;2;237;238;238mN[38;2;237;236;237mN[38;2;236;236;236mN[38;2;234;234;235mN[38;2;83;83;83m,[38;2;231;231;231m [38;2;209;209;209m [38;2;174;174;174m [38;2;119;119;119m [38;2;125;125;125m [38;2;102;102;102m [38;2;88;88;88m [38;2;120;120;120m [38;2;123;123;123m [38;2;141;141;141m [38;2;180;180;180m [38;2;211;211;211m [38;2;3;3;3m [38;2;136;136;136mo[38;2;235;236;236mN[38;2;236;236;237mN[38;2;237;237;238mN[38;2;238;239;239mW[38;2;240;240;241mW[38;2;242;242;243mW[38;2;243;243;243mW[38;2;244;244;244mW[38;2;242;242;242mW[38;2;81;81;81m,[38;2;139;139;139m [38;2;0;0;0m [0m
[0m[38;2;0;0;0m [38;2;144;144;144m [38;2;57;57;57m.[38;2;246;246;246mW[38;2;245;246;246mW[38;2;244;245;245mW[38;2;243;243;244mW[38;2;241;242;242mW[38;2;240;241;241mW[38;2;240;240;241mW[38;2;239;239;240mW[38;2;238;238;239mW[38;2;100;101;101m:[38;2;230;230;230m [38;2;131;131;131m [38;2;47;47;47m [38;2;0;0;0m         [38;2;69;69;69m [38;2;185;185;185m [38;2;198;198;198m [38;2;157;157;157mx[38;2;239;239;240mW[38;2;240;240;240mW[38;2;241;241;241mW[38;2;242;242;243mW[38;2;244;245;245mW[38;2;245;246;246mW[38;2;247;247;247mW[38;2;248;248;248mW[38;2;200;200;200m0[38;2;3;3;3m [38;2;86;86;86m [0m
[0m[38;2;70;70;70m [38;2;229;229;229m [38;2;183;183;183mO[38;2;250;250;250mM[38;2;249;249;249mW[38;2;249;249;250mW[38;2;247;247;248mW[38;2;245;245;246mW[38;2;243;243;244mW[38;2;241;241;242mW[38;2;241;241;241mW[38;2;146;146;146md[38;2;229;229;229m [38;2;172;172;172m [38;2;0;0;0m            [38;2;50;50;50m [38;2;227;227;227m [38;2;21;21;21m [38;2;219;219;219mX[38;2;242;242;243mW[38;2;243;243;244mW[38;2;245;245;245mW[38;2;247;248;248mW[38;2;249;249;250mW[38;2;249;249;250mM[38;2;250;250;251mM[38;2;252;251;251mM[38;2;150;150;150md[38;2;203;203;203m [0m
[0m[38;2;5;5;5m [38;2;186;186;186mO[38;2;253;253;253mM[38;2;252;252;253mM[38;2;252;252;252mM[38;2;250;251;251mM[38;2;248;249;249mW[38;2;246;246;247mW[38;2;244;245;245mW[38;2;134;134;134mo[38;2;244;244;244m [38;2;232;232;232m [38;2;174;174;174m [38;2;42;42;42m [38;2;0;0;0m             [38;2;78;78;78m [38;2;189;189;189m [38;2;217;217;217m [38;2;25;25;25m [38;2;192;192;193mO[38;2;248;248;248mW[38;2;250;251;251mM[38;2;252;252;253mM[38;2;252;252;253mM[38;2;252;252;253mM[38;2;253;253;254mM[38;2;254;254;254mM[38;2;117;117;117mc[0m
[0m[38;2;101;101;101m:[38;2;254;254;254mM[38;2;252;252;252mM[38;2;251;251;252mM[38;2;241;241;241mW[38;2;206;207;207mK[38;2;120;120;120mc[38;2;10;10;10m [38;2;236;236;236m [38;2;223;223;223m [38;2;168;168;168m [38;2;80;80;80m [38;2;0;0;0m                [38;2;24;24;24m [38;2;83;83;83m [38;2;188;188;188m [38;2;238;238;238m [38;2;240;240;240m [38;2;41;41;41m.[38;2;145;145;146md[38;2;217;217;218mX[38;2;246;246;247mW[38;2;252;252;253mM[38;2;254;254;254mM[38;2;231;231;231mN[0m
[0m[38;2;59;59;59m.[38;2;114;114;114mc[38;2;107;107;107m:[38;2;100;100;100m:[38;2;72;72;72m'[38;2;24;24;24m [38;2;1;1;1m [38;2;184;184;184m [38;2;214;214;214m [38;2;106;106;106m [38;2;0;0;0m                    [38;2;40;40;40m [38;2;117;117;117m [38;2;230;230;230m [38;2;232;232;232m [38;2;122;122;122m [38;2;36;36;36m.[38;2;86;86;86m,[38;2;109;109;109m:[38;2;116;116;116mc[38;2;110;110;110m:[0m
